1
2
3
6
12
5
7
8
9
10
11
--------- RANDOM
24
231423
64
34
5231
24
32
1
1
4
65
--------- REVERSE
10
9
8
7
6
5
4
3
2
1
--------- Almost SORTED
1
2
3
4
5
50
33
44
6
7
11
12
13
14
15
16
17
18
19
20
21
22
23
24
25
26
27
28
29
30
333
32
49569
46
399
22
111
39
59
60
61
62
63
64
65
66
67
68
69
70
71
--------- RANDOM
314
43634
23132
43
34
34
426
2346
457
45
35
4325
4397867
8678
678
65
54646
9
45
24
32
757
7
875
4
6
9
8808
78
9
7
56
35
546
2
13454
66
74
56
765
4356
457
65346
537
4356
564
546
658
4246
573
5437
--------- REVERSE
51
50
49
48
47
46
45
44
43
42
41
40
39
38
37
36
35
34
33
32
31
30
29
28
27
26
25
24
23
22
21
20
19
18
17
16
15
14
13
12
11
10
9
8
7
6
5
4
3
2
1
--------- Almost Sorted
1
2
3
20
5
6
7
8
9
10
11
12
13
14
15
16
17
18
19
4
21
22
23
24
25
26
27
28
29
30
31
32
33
34
35
36
37
38
39
40
89
42
43
44
45
70
47
48
49
50
51
52
53
54
55
56
57
58
59
60
61
62
63
64
65
66
67
68
69
46
71
72
73
74
75
76
77
78
79
80
81
82
83
84
85
86
87
88
41
90
91
92
93
94
95
96
97
98
99
100
101
--------- RANDOM
34
32432
3534
34534
6
547
8689
34
45
7865
2353
486
43
2
56
58
436
7
4
56
686
23454
7
54
36
675
42
2
2
4654
7
57
65
3
456
2
435
4
754
2
4
6756
4
25
44
453
24353
4523
45342
756356
4543
24543
2345
344
66
1
9797
5943293
4956
797
59
245
34523
435
2249094
54545
42
24
5345
3
234
7
5
54
23
65
456
25
765
345
754
2342
344
6
423
554
235
987
456
234
765
542457
245652
5657
868
4675
3657
56
6856
19
--------- REVERSE
101
100
99
98
97
96
95
94
93
92
91
90
89
88
87
86
85
84
83
82
81
80
79
78
77
76
75
74
73
72
71
70
69
68
67
66
65
64
63
62
61
60
59
58
57
56
55
54
53
52
51
50
49
48
47
46
45
44
43
42
41
40
39
38
37
36
35
34
33
32
31
30
29
28
27
26
25
24
23
22
21
20
19
18
17
16
15
14
13
12
11
10
9
8
7
6
5
4
3
2
1
---------